[  402.764029] [Project1] 2069 1588335148.511868851 1588335149.333573400
[  404.368148] [Project1] 2070 1588335150.142046563 1588335150.937606483
[  406.092897] [Project1] 2071 1588335151.854618493 1588335152.662266460
[  407.743894] [Project1] 2072 1588335153.498619112 1588335154.313177526
[  409.400538] [Project1] 2073 1588335155.161775722 1588335155.969732482
[  410.994348] [Project1] 2076 1588335156.759306042 1588335157.563459059
[  412.596978] [Project1] 2079 1588335158.379025189 1588335159.166002606
[  414.217821] [Project1] 2082 1588335159.953920497 1588335160.786758821
[  415.892568] [Project1] 2083 1588335161.677288078 1588335162.461414326
[  417.468464] [Project1] 2084 1588335163.265134531 1588335164.037226069
